Belarus  (1066,217)  (1082,234)  (1060,234)  (1048,200)  (1070,200)  (1044,217)  (1088,217)  (1092,191)  (1038,244)  (1099,251)  (1077,251)  (1104,234)  (1022,227)  (1110,208)  (1114,189)
54 Sea Zone  (2324,903)  (2340,920)  (2306,886)  (2328,886)  (2302,910)  (2346,903)  (2350,881)  (2357,937)  (2362,920)  (2282,880)  (2368,898)  (2372,881)  (2374,954)  (2352,954)  (2379,937)  (2384,915)  (2390,898)  (2391,971)  (2369,971)  (2239,882)
Philippines  (2018,627)  (2069,710)  (2059,726)  (2046,709)  (2065,692)  (2040,690)  (2034,672)  (2011,661)  (2004,643)  (1995,625)  (2026,643)  (2046,652)  (2056,671)
Portuguese Guinea  (437,711)
Morocco  (493,585)  (515,588)  (481,601)
15 Sea Zone  (2569,244)  (2585,261)  (2563,261)  (2551,227)  (2573,227)  (2547,244)  (2591,244)  (2595,218)  (2541,271)  (2602,278)  (2580,278)  (2534,210)  (2556,210)  (2607,261)  (2578,201)  (2600,201)  (2558,288)  (2536,288)  (2607,295)  (2585,295)  (2532,193)  (2554,193)  (2563,305)  (2541,305)  (2607,312)  (2585,312)
Queensland  (2274,929)  (2290,946)  (2268,946)  (2258,912)  (2252,929)  (2246,956)  (2312,960)
Gilbert Islands  (2524,720)  (2507,736)  (2502,719)  (2510,703)
119 Sea Zone  (519,144)  (530,161)  (508,161)  (501,127)  (523,127)  (497,144)  (541,144)  (545,118)  (519,178)  (497,178)  (500,195)
124 Sea Zone  (577,44)  (593,61)  (571,61)  (559,27)  (581,27)  (555,44)  (599,44)  (603,18)  (549,71)  (610,78)  (588,78)  (542,10)  (564,10)  (615,61)  (537,27)  (586,1)  (608,1)  (566,88)  (544,88)  (621,35)  (625,18)  (627,95)  (605,95)
Karelia  (1022,82)  (1012,65)  (1035,99)  (1044,53)  (1004,48)  (1066,55)  (1000,31)
Afghanistan  (1417,569)  (1433,586)  (1411,586)  (1420,552)  (1395,569)  (1439,569)  (1442,544)  (1389,596)  (1455,586)  (1406,613)  (1461,563)  (1398,630)
113 Sea Zone  (776,227)  (771,210)  (811,226)  (768,192)  (822,209)
France  (641,350)  (657,367)  (635,367)  (640,333)  (619,350)  (662,330)  (663,347)  (649,384)  (627,384)  (679,364)  (685,346)
41 Sea Zone  (1637,868)  (1653,885)  (1631,885)  (1619,851)  (1641,851)  (1615,868)  (1659,868)  (1609,895)  (1670,902)  (1648,902)  (1602,834)  (1624,834)  (1675,885)  (1597,851)  (1593,878)  (1626,912)  (1604,912)  (1681,865)  (1587,895)  (1687,919)  (1665,919)  (1585,817)  (1607,817)  (1582,922)  (1692,902)  (1580,834)  (1697,883)  (1643,929)  (1621,929)  (1575,861)  (1571,878)  (1704,936)  (1682,936)  (1569,800)  (1591,800)  (1613,800)  (1709,919)  (1714,900)  (1726,936)
Bryansk  (1158,307)  (1174,324)  (1152,324)  (1140,290)  (1136,307)  (1180,295)  (1196,312)
40 Sea Zone  (1520,872)  (1536,889)  (1514,889)  (1502,855)  (1524,855)  (1498,872)  (1542,872)  (1546,846)  (1547,906)  (1525,906)  (1503,906)  (1496,838)  (1518,838)  (1540,829)  (1547,923)  (1525,923)  (1503,923)
4 Sea Zone  (2464,86)  (2480,103)  (2458,103)  (2446,69)  (2468,69)  (2442,86)  (2486,86)  (2490,60)  (2436,113)  (2497,120)  (2475,120)  (2459,52)  (2502,103)  (2424,69)  (2501,43)  (2508,77)
Ceylon  (1515,747)  (1517,729)  (1510,763)  (1532,762)
18 Sea Zone  (2172,434)  (2188,451)  (2166,451)  (2154,417)  (2176,417)  (2150,434)  (2194,434)  (2198,411)  (2144,461)  (2205,468)  (2183,468)  (2210,451)  (2132,417)  (2128,444)  (2216,428)  (2220,411)  (2122,469)  (2227,468)  (2232,445)  (2238,428)
123 Sea Zone  (456,79)  (434,85)  (473,96)  (478,78)  (412,98)  (412,81)  (405,29)  (494,25)  (495,95)  (400,64)  (399,47)  (427,20)  (500,70)  (449,19)  (471,19)  (390,98)  (390,81)  (389,12)  (493,8)  (411,3)  (433,2)  (455,2)
65 Sea Zone  (37,790)  (53,807)  (31,807)  (19,773)  (41,773)  (15,790)  (59,790)  (9,817)  (53,824)  (31,824)  (2,756)  (24,756)  (9,834)  (49,841)  (1,739)  (23,739)  (27,851)  (5,851)  (29,868)  (7,868)  (25,885)  (3,885)
46 Sea Zone  (2264,788)  (2280,805)  (2246,771)  (2268,771)  (2242,798)  (2239,754)  (2261,754)  (2283,754)  (2314,834)  (2330,851)  (2336,834)  (2300,861)
84 Sea Zone  (353,864)  (369,881)  (347,881)  (335,847)  (357,847)  (331,864)  (375,864)  (379,838)  (325,891)  (386,898)  (364,898)  (318,830)  (340,830)  (391,881)  (313,847)  (309,874)  (362,821)  (384,821)  (342,908)  (320,908)  (397,855)  (401,838)  (303,891)  (403,915)  (381,915)  (301,813)  (323,813)  (406,811)  (298,918)  (408,898)  (345,804)  (367,804)  (359,925)  (337,925)  (411,932)  (389,932)  (315,935)
61 Sea Zone  (2168,1050)  (2184,1067)  (2162,1067)  (2150,1033)  (2172,1033)  (2146,1050)  (2190,1050)  (2140,1077)  (2201,1084)  (2179,1084)  (2206,1067)  (2124,1060)  (2124,1043)  (2212,1038)  (2118,1086)  (2223,1084)
26 Sea Zone  (2640,515)  (2656,532)  (2634,532)  (2622,498)  (2618,515)  (2612,542)  (2673,549)  (2651,549)  (2605,481)  (2600,498)  (2681,474)  (2596,525)  (2629,559)  (2607,559)  (2590,542)  (2690,566)  (2668,566)  (2588,464)  (2585,569)  (2695,535)  (2583,481)  (2659,459)  (2681,457)  (2578,508)  (2703,457)  (2703,474)  (2574,525)  (2712,552)  (2712,569)  (2717,534)  (2725,457)  (2725,474)  (2734,551)  (2734,568)
122 Sea Zone  (327,44)  (343,61)  (321,61)  (309,27)  (331,27)  (305,44)  (349,44)  (353,18)  (299,71)  (360,78)  (338,78)  (292,10)  (314,10)  (365,61)  (336,1)  (358,1)  (316,88)  (294,88)  (367,95)  (345,95)
Victoria  (2256,1032)  (2278,1032)  (2300,1036)  (2257,1050)  (2278,1054)  (2277,1072)  (2299,1053)
Paulau Island  (2198,706)  (2183,722)  (2176,704)  (2184,687)
Line Islands  (2827,653)  (2812,667)  (2805,648)  (2819,635)
Normandy Bordeaux  (578,349)  (587,366)  (592,332)  (556,343)  (589,383)  (576,414)
Dzavhan  (1686,158)  (1691,175)  (1669,175)  (1664,158)  (1713,161)  (1735,161)
West Indies  (131,518)  (108,513)  (85,509)  (129,536)  (158,533)  (179,534)
Evenkiyskiy  (1562,50)  (1578,67)  (1556,67)  (1544,33)  (1566,33)  (1540,50)  (1584,50)  (1588,24)  (1534,67)  (1595,84)  (1573,84)  (1551,84)  (1527,16)  (1549,16)  (1522,33)  (1571,7)  (1593,7)  (1610,32)  (1594,101)  (1572,101)  (1550,101)  (1579,118)  (1557,118)
29 Sea Zone  (2812,687)  (2828,704)  (2806,704)  (2790,687)  (2834,676)  (2787,670)  (2784,714)  (2845,721)  (2823,721)  (2777,653)  (2850,693)  (2768,697)  (2801,731)  (2779,731)  (2856,664)  (2765,680)  (2860,639)  (2762,714)  (2862,738)  (2840,738)  (2760,636)  (2757,739)  (2867,710)  (2872,681)  (2878,656)
French Central Africa  (723,739)  (739,756)  (717,756)  (714,722)  (736,722)  (701,739)  (745,739)  (695,766)  (756,773)  (734,773)  (761,756)  (767,731)  (673,755)
Belgian Congo  (905,916)  (921,933)  (899,933)  (887,899)  (909,899)  (883,916)  (927,916)  (931,890)  (877,943)  (938,950)  (916,950)  (943,933)  (865,899)  (862,882)  (861,926)  (949,907)  (953,882)  (855,957)  (946,967)  (924,967)  (902,967)  (839,940)  (975,884)
Mexico  (2972,499)  (2949,499)  (2973,517)  (2951,517)  (2973,536)  (2969,480)  (2947,480)  (2933,463)  (2927,445)  (2955,463)
Western Germany  (743,288)  (759,305)  (737,305)  (725,271)  (747,271)  (721,288)  (765,288)  (769,262)  (715,315)  (770,322)  (748,322)  (728,254)  (726,332)  (770,339)  (748,339)  (769,356)
76 Sea Zone  (1202,865)  (1219,848)  (1219,882)  (1197,882)  (1224,865)  (1175,887)  (1229,899)  (1207,899)  (1185,904)  (1163,904)  (1213,816)  (1189,814)  (1141,908)  (1211,799)  (1122,788)  (1108,771)
118 Sea Zone  (442,163)  (458,180)  (436,180)  (424,146)  (446,146)  (420,163)  (464,163)  (468,137)  (469,197)  (447,197)  (425,197)  (416,129)  (438,129)  (460,120)  (469,214)  (447,214)  (425,214)
New Britain  (2343,806)  (2322,822)  (2322,805)  (2326,789)
28 Sea Zone  (2960,665)  (2965,684)  (2968,645)  (2943,644)  (2935,664)  (2941,684)  (2969,702)  (2944,703)  (2919,703)  (2916,684)  (2910,664)  (2917,644)  (2915,625)  (2944,624)  (2970,624)
23 Sea Zone  (2354,534)  (2370,551)  (2348,551)  (2336,517)  (2358,517)  (2332,534)  (2376,534)  (2380,508)  (2326,561)  (2387,568)  (2365,568)  (2319,500)  (2341,500)  (2392,551)  (2314,517)  (2363,491)  (2385,491)  (2343,578)  (2321,578)  (2398,525)  (2402,508)  (2402,585)  (2380,585)  (2358,595)  (2336,595)  (2314,595)
Marshall Islands  (2491,619)  (2481,636)  (2469,618)  (2475,601)
Wake Island  (2456,513)  (2442,529)  (2433,511)  (2445,497)
Iceland  (454,52)
Southern France  (648,417)  (631,434)  (670,402)  (670,419)  (613,417)  (609,436)
104 Sea Zone  (470,379)  (486,396)  (464,396)  (452,362)  (474,362)  (448,379)  (492,379)  (496,353)  (442,406)  (464,345)  (486,336)
95 Sea Zone  (765,490)  (756,507)  (757,473)  (779,473)  (734,512)  (756,524)  (756,456)  (801,483)  (767,541)  (814,546)  (792,546)
Kweichow  (1705,460)  (1721,477)  (1699,477)  (1687,443)  (1709,443)  (1683,460)  (1727,460)  (1731,439)  (1677,487)  (1743,477)  (1665,443)  (1661,464)  (1749,456)  (1771,463)
87 Sea Zone  (402,706)  (408,723)  (386,723)  (384,689)  (380,706)  (418,740)  (396,740)  (374,740)  (372,672)  (394,672)  (432,757)  (410,757)  (388,757)  (372,655)  (394,655)  (445,774)  (423,774)  (401,774)  (379,774)  (372,638)  (394,638)
16 Sea Zone  (2430,270)  (2446,287)  (2424,287)  (2412,253)  (2434,253)  (2408,270)  (2452,270)  (2456,244)  (2402,297)  (2463,304)  (2441,304)  (2468,287)  (2390,253)  (2386,280)  (2419,314)  (2397,314)  (2474,261)  (2478,240)  (2380,297)  (2480,321)  (2458,321)  (2375,322)  (2485,304)  (2490,278)  (2368,263)  (2368,246)  (2364,280)  (2496,257)  (2500,240)  (2502,321)  (2507,295)
British Somaliland  (1174,831)  (1151,837)  (1141,819)  (1173,848)
Soviet Far East  (2438,14)  (2445,31)  (2423,31)  (2416,14)  (2460,1)  (2467,18)  (2401,44)  (2394,27)  (2394,10)  (2482,1)  (2489,18)  (2379,55)  (2372,38)  (2372,9)  (2504,1)  (2511,18)  (2526,1)  (2533,18)
106 Sea Zone  (266,305)  (282,322)  (260,322)  (288,296)  (238,332)  (299,339)  (277,339)  (304,313)  (226,280)  (255,349)  (233,349)  (211,341)
Burma  (1612,629)  (1623,646)  (1601,646)  (1622,612)  (1634,629)  (1644,597)  (1619,663)  (1597,663)  (1613,680)  (1666,595)
51 Sea Zone  (2918,815)  (2934,832)  (2912,832)  (2900,798)  (2922,798)  (2896,815)  (2940,815)  (2944,789)  (2890,842)  (2951,849)  (2929,849)  (2883,781)  (2905,781)  (2956,832)  (2878,798)  (2874,825)  (2927,772)  (2949,772)  (2962,806)  (2966,789)  (2868,849)  (2968,866)  (2866,764)  (2888,764)  (2971,762)  (2973,849)  (2861,781)  (2910,755)  (2932,755)  (2856,808)  (2852,832)  (2976,883)  (2954,883)  (2954,745)  (2976,745)  (2930,735)  (2908,735)  (2974,901)  (2948,901)  (2925,908)  (2903,910)  (2879,910)  (2856,910)
Alexandria  (935,660)  (951,677)  (929,677)  (917,643)  (956,694)  (934,694)
86 Sea Zone  (331,738)  (330,721)  (347,755)  (325,760)  (308,710)  (330,704)  (350,772)  (328,777)  (306,777)  (286,703)
Pripet Marshes  (1072,276)  (1050,277)
Nenetsia  (1276,37)  (1292,54)  (1270,54)  (1258,20)  (1285,20)  (1254,37)  (1298,37)  (1248,64)  (1307,6)  (1270,71)  (1285,3)  (1236,20)  (1232,47)  (1248,81)  (1320,23)  (1320,40)  (1226,86)  (1226,69)  (1329,1)  (1210,52)  (1210,35)  (1342,18)  (1342,35)  (1342,52)  (1351,1)  (1364,18)  (1373,1)
67 Sea Zone  (204,993)  (220,1010)  (198,1010)  (186,976)  (208,976)  (182,993)  (226,993)  (230,967)  (176,1020)  (237,1027)  (215,1027)  (169,959)  (191,959)  (242,1010)  (164,976)  (160,1003)  (213,950)  (235,950)  (193,1037)  (171,1037)  (248,984)  (252,967)  (154,1020)  (254,1044)  (232,1044)  (152,942)  (174,942)  (257,940)  (149,1047)  (259,1027)  (147,959)  (196,933)  (218,933)  (264,1001)  (210,1054)  (188,1054)  (142,986)  (270,984)  (271,1061)  (249,1061)  (139,925)  (161,925)  (240,923)  (262,923)  (274,957)  (166,1064)  (144,1064)  (276,1044)  (227,1071)  (205,1071)  (276,1078)  (254,1078)  (183,1081)  (161,1081)  (139,1081)
New Brunswick Nova Scotia  (191,285)  (192,302)  (214,309)  (199,269)  (225,260)  (271,261)  (281,276)  (258,277)  (214,291)
89 Sea Zone  (119,561)  (135,578)  (113,578)  (97,561)  (97,544)  (141,554)  (91,588)  (152,595)  (130,595)  (157,571)  (75,571)  (75,554)  (75,537)  (108,605)  (86,605)  (69,588)  (168,612)  (146,612)  (64,615)  (174,588)  (177,503)  (179,561)  (57,517)  (196,578)  (199,491)  (199,508)  (201,561)  (35,517)  (18,500)
43 Sea Zone  (1878,753)  (1868,736)  (1890,736)  (1856,765)  (1912,732)  (1934,732)  (1843,825)  (1867,834)  (1918,836)  (1896,836)
74 Sea Zone  (1427,1055)  (1443,1072)  (1421,1072)  (1409,1038)  (1431,1038)  (1405,1055)  (1449,1055)  (1453,1035)  (1399,1082)  (1465,1072)  (1387,1038)  (1471,1052)
102 Sea Zone  (265,415)  (281,432)  (259,432)  (247,398)  (269,398)  (243,415)  (287,415)  (291,389)  (237,442)  (298,449)  (276,449)  (230,381)  (252,381)  (303,432)  (225,398)  (221,425)  (274,372)  (296,372)  (254,459)  (232,459)  (309,406)  (313,389)  (215,442)  (314,466)  (292,466)
Urals  (1440,56)  (1456,73)  (1434,73)  (1422,39)  (1444,39)  (1418,56)  (1462,56)  (1466,30)  (1412,83)  (1473,90)  (1451,90)  (1408,22)  (1430,22)  (1478,73)  (1400,39)  (1396,66)  (1452,13)  (1474,13)  (1429,100)  (1407,100)  (1484,47)  (1488,30)  (1390,83)  (1460,107)  (1413,5)  (1385,110)  (1496,1)  (1500,64)  (1500,81)  (1412,117)
66 Sea Zone  (62,1011)  (78,1028)  (56,1028)  (44,994)  (66,994)  (40,1011)  (84,1011)  (88,985)  (34,1038)  (95,1045)  (73,1045)  (24,977)  (100,1028)  (22,994)  (18,1021)  (90,968)  (51,1055)  (29,1055)  (106,1002)  (110,985)  (12,1038)  (112,961)  (112,1062)  (90,1062)  (10,960)  (7,1065)  (117,1045)  (2,977)  (84,951)  (68,1072)  (46,1072)  (106,944)  (117,1079)  (95,1079)  (1,943)  (24,1082)  (2,1082)  (98,927)  (1,926)  (1,909)
93 Sea Zone  (659,468)  (675,485)  (653,485)  (653,451)  (675,451)  (681,468)  (631,479)  (596,495)
85 Sea Zone  (227,865)  (243,882)  (221,882)  (222,848)  (244,848)  (249,865)  (199,892)  (199,875)  (260,899)  (238,899)  (251,831)  (265,882)  (266,848)  (271,865)  (273,826)  (177,901)  (177,884)  (155,901)
Formosa  (1969,534)  (1947,544)  (1946,526)  (1969,515)
British Columbia  (2907,268)  (2910,249)  (2913,230)  (2923,210)  (2925,190)  (2934,250)  (2938,231)  (2948,210)  (2950,191)  (2924,170)  (2958,250)  (2963,228)  (2972,209)  (2973,189)  (2948,169)  (2973,169)  (2931,149)
Korea  (2068,283)  (2052,266)  (2086,300)  (2102,237)  (2119,213)
Egypt  (995,664)  (1011,681)  (989,681)  (977,647)  (1026,698)  (1004,698)  (1019,715)  (999,647)  (990,630)
Eastern Poland  (990,267)  (1006,284)  (986,250)  (968,275)  (1012,264)  (964,258)  (1003,301)  (994,318)
Crete  (945,544)  (951,526)  (922,537)  (922,553)  (944,559)
20 Sea Zone  (1999,546)  (2015,563)  (1993,563)  (1990,529)  (2012,529)  (2021,546)  (1971,573)  (2032,580)  (2010,580)  (1984,512)  (2006,512)  (2028,512)  (2034,529)  (2037,563)  (1958,506)  (1988,590)  (1966,590)  (2043,546)  (1949,573)  (2050,496)  (1944,600)  (2054,580)  (2056,513)  (2059,563)  (1935,556)  (2065,530)  (1927,583)  (2072,496)  (1922,605)  (2076,580)  (1919,539)  (2078,513)  (2081,547)  (1913,566)  (2087,530)  (1905,588)  (1900,605)
Russia  (1250,237)  (1266,254)  (1244,254)  (1232,220)  (1254,220)  (1228,237)  (1272,237)  (1276,211)  (1222,264)  (1283,271)  (1261,271)  (1215,203)  (1237,203)  (1288,254)  (1210,220)  (1206,247)  (1239,281)  (1294,228)  (1298,207)  (1217,287)
New Zealand  (2563,1028)  (2561,1045)  (2525,1067)  (2512,1084)  (2560,1011)  (2540,1027)  (2540,1050)
Angola  (841,988)  (857,1005)  (835,1005)  (823,971)  (819,988)  (863,980)  (813,1012)  (879,997)  (801,971)
Greece  (940,499)  (918,504)  (924,527)  (944,516)  (954,483)  (977,480)  (917,486)  (999,477)
Yakut S.S.R.  (1791,61)  (1807,78)  (1785,78)  (1773,44)  (1795,44)  (1769,61)  (1813,61)  (1817,35)  (1763,88)  (1799,95)  (1772,27)  (1794,27)  (1816,18)  (1777,105)  (1835,52)  (1755,108)  (1838,14)  (1839,31)  (1777,10)  (1733,118)  (1799,1)  (1814,125)  (1755,125)  (1861,27)  (1733,135)  (1711,137)
Ukraine  (1095,371)  (1111,388)  (1089,388)  (1097,354)  (1073,371)  (1117,371)  (1119,347)  (1067,395)
37 Sea Zone  (1774,790)  (1790,807)  (1756,773)  (1778,773)  (1796,790)  (1800,771)  (1768,821)  (1807,824)  (1812,807)  (1818,788)  (1726,758)  (1785,838)
Western Ukraine  (1062,315)  (1078,332)  (1056,332)  (1044,298)  (1040,315)  (1084,301)
99 Sea Zone  (971,530)  (987,547)  (965,559)  (943,563)  (988,564)  (921,566)
24 Sea Zone  (2443,395)  (2459,412)  (2437,412)  (2425,378)  (2447,378)  (2421,395)  (2465,395)  (2469,369)  (2415,422)  (2476,429)  (2454,429)  (2408,361)  (2430,361)  (2481,412)  (2403,378)  (2399,405)  (2452,352)  (2474,352)  (2432,439)  (2410,439)  (2487,386)  (2491,369)  (2492,446)  (2470,446)  (2394,344)  (2416,344)  (2448,456)  (2426,456)  (2404,456)  (2492,463)  (2470,463)
Iraq  (1155,584)  (1171,601)  (1149,601)  (1150,567)  (1172,567)  (1177,584)  (1127,605)  (1186,618)  (1164,618)  (1186,635)
Timguska  (1519,178)  (1535,195)  (1513,195)  (1501,161)  (1523,161)  (1497,178)  (1541,178)  (1491,195)  (1544,212)  (1522,212)  (1500,212)  (1493,144)  (1515,144)  (1536,229)  (1514,229)  (1491,127)  (1513,127)  (1492,230)  (1497,110)  (1510,247)
90 Sea Zone  (288,531)  (304,548)  (282,548)  (270,514)  (292,514)  (266,531)  (310,531)  (314,505)  (260,558)  (321,565)  (299,565)  (253,497)  (275,497)  (326,548)  (248,514)  (244,541)  (277,575)  (255,575)  (332,522)  (336,491)  (238,558)  (338,582)  (316,582)  (233,585)  (343,565)  (348,539)
Eastern Persia  (1338,598)  (1354,615)  (1332,615)  (1331,581)  (1353,581)  (1316,598)  (1360,598)  (1361,632)  (1339,632)  (1335,564)  (1357,564)  (1377,649)  (1355,649)  (1348,547)  (1370,547)  (1371,666)
45 Sea Zone  (2159,774)  (2150,791)  (2141,757)  (2163,757)  (2137,774)  (2181,774)  (2181,791)  (2185,751)  (2128,804)  (2119,757)  (2115,787)  (2203,768)  (2203,785)  (2207,751)  (2112,845)  (2143,846)  (2199,848)
Siberia  (2207,33)  (2223,50)  (2201,50)  (2189,16)  (2211,16)  (2185,33)  (2229,33)  (2233,7)  (2179,60)  (2240,67)  (2218,67)  (2245,50)  (2167,16)  (2163,43)  (2196,77)  (2174,77)  (2251,24)  (2255,1)  (2157,60)  (2267,41)  (2267,58)  (2145,26)  (2145,9)  (2141,43)  (2273,18)  (2277,1)  (2135,72)  (2289,35)  (2289,52)  (2123,26)  (2123,9)  (2119,55)  (2295,18)  (2299,1)  (2113,73)  (2311,35)  (2311,52)  (2317,18)  (2321,1)  (2333,35)  (2339,18)  (2343,1)
52 Sea Zone  (2848,1012)  (2864,1029)  (2842,1029)  (2830,995)  (2852,995)  (2826,1012)  (2870,1012)  (2874,986)  (2820,1039)  (2881,1046)  (2859,1046)  (2813,978)  (2835,978)  (2886,1029)  (2808,995)  (2804,1022)  (2857,969)  (2879,969)  (2837,1056)  (2815,1056)  (2892,1003)  (2896,986)  (2798,1039)  (2898,1063)  (2876,1063)  (2901,959)  (2793,1066)  (2903,1046)  (2791,978)  (2852,952)  (2874,952)  (2908,1020)  (2854,1073)  (2832,1073)  (2786,1005)  (2782,1022)  (2914,1003)  (2915,1080)  (2893,1080)  (2896,942)  (2918,942)  (2918,976)  (2810,1083)  (2788,1083)  (2776,1049)  (2920,1063)  (2923,959)  (2771,1066)  (2852,935)  (2874,935)  (2925,1037)  (2769,988)  (2769,971)  (2766,1086)  (2930,1020)  (2764,1005)  (2760,1032)  (2936,993)  (2937,1080)  (2940,935)  (2940,976)  (2754,1049)  (2942,1054)  (2945,952)  (2749,1069)  (2947,1037)  (2747,988)  (2747,971)  (2744,1086)  (2952,1010)  (2742,1015)  (2738,1032)  (2958,993)  (2959,1071)  (2962,935)  (2962,969)  (2732,1052)  (2964,1054)  (2967,952)  (2727,1069)  (2969,1027)  (2725,998)  (2725,981)  (2725,964)  (2722,1086)  (2974,1010)  (2720,1015)  (2716,1035)  (2710,1052)  (2705,1069)  (2703,998)  (2703,981)  (2703,964)  (2700,1086)  (2698,1018)
101 Sea Zone  (148,427)  (164,444)  (142,444)  (134,410)  (156,410)  (126,427)  (170,427)  (120,454)  (178,397)  (181,461)  (159,461)  (140,393)  (186,444)  (137,471)  (115,471)  (192,414)  (162,380)  (184,380)  (169,478)  (155,363)  (177,363)  (79,485)  (69,468)  (182,346)  (57,485)  (47,468)
Malaya  (1720,783)  (1698,776)  (1721,799)  (1743,809)  (1719,767)  (1742,773)  (1743,792)
Cyprus  (1034,565)  (1011,565)  (1008,549)  (1030,549)
114 Sea Zone  (880,195)  (888,175)  (858,204)  (887,158)  (879,141)  (869,124)  (891,124)
Himalayas  (1538,570)  (1567,588)  (1589,592)  (1481,544)
71 Sea Zone  (1011,1050)  (1027,1067)  (1005,1067)  (1025,1033)  (1033,1050)  (983,1077)  (1044,1084)  (1022,1084)  (1029,1016)  (1047,1033)  (1049,1067)  (1051,1010)  (961,1086)  (939,1086)
Denmark  (737,201)  (748,185)  (726,184)  (714,200)  (718,218)  (740,218)
62 Sea Zone  (2337,1037)  (2353,1054)  (2331,1054)  (2335,1020)  (2357,1017)  (2359,1034)  (2309,1064)  (2370,1071)  (2348,1071)  (2349,1000)  (2371,1000)  (2375,1051)  (2379,1017)  (2326,1081)  (2304,1081)  (2381,1034)  (2282,1086)  (2260,1086)  (2251,1069)
49 Sea Zone  (2510,816)  (2526,833)  (2504,833)  (2492,799)  (2514,799)  (2488,816)  (2532,816)  (2536,790)  (2482,843)  (2543,850)  (2521,850)  (2548,833)  (2470,799)  (2466,826)  (2499,860)  (2477,860)  (2554,807)  (2558,785)  (2460,843)  (2455,864)  (2565,850)  (2570,824)  (2448,809)  (2576,802)  (2580,785)  (2587,841)  (2587,858)  (2592,819)  (2598,802)  (2599,757)  (2602,774)  (2609,836)  (2609,853)  (2614,819)  (2620,791)  (2621,756)  (2624,773)
59 Sea Zone  (1553,1055)  (1569,1072)  (1547,1072)  (1535,1038)  (1557,1038)  (1531,1055)  (1575,1055)  (1579,1035)  (1525,1082)  (1591,1072)  (1513,1038)  (1509,1065)  (1597,1052)  (1601,1035)  (1503,1086)  (1613,1069)  (1613,1086)
6 Sea Zone  (2158,261)  (2174,278)  (2152,278)  (2140,244)  (2162,244)  (2136,261)  (2180,261)  (2184,235)  (2130,288)  (2176,295)  (2154,295)  (2150,227)  (2196,278)  (2114,271)  (2172,218)  (2194,218)  (2132,305)  (2202,252)  (2206,235)  (2108,330)  (2086,334)  (2228,188)  (2083,351)  (2249,350)  (2061,352)  (2259,332)  (2227,364)  (2262,299)  (2263,367)  (2205,370)  (2271,349)  (2183,376)  (2274,240)  (2274,279)  (2275,257)  (2241,381)  (2037,311)  (2161,383)  (2281,316)  (2032,328)  (2219,387)  (2284,296)  (2197,393)  (2293,333)  (2296,226)  (2296,274)  (2297,243)  (2015,311)  (2301,144)  (2303,313)  (2306,291)  (2008,294)  (2317,209)  (2318,161)  (2318,226)  (2318,260)  (2319,243)  (2321,178)  (2323,144)  (2325,308)  (2328,277)  (2339,195)  (2340,161)  (2340,212)  (2340,260)  (2341,229)
Holland Belgium  (701,275)  (679,280)  (664,296)  (642,302)  (663,313)  (685,313)  (700,257)  (685,297)
Buyant-Uhaa  (1852,219)  (1855,236)  (1833,237)  (1830,220)  (1874,214)  (1811,246)  (1896,206)
Borneo  (1921,789)  (1900,787)  (1877,787)  (1869,805)  (1892,804)  (1914,806)  (1899,769)  (1923,770)
Gold Coast  (609,810)  (618,827)
60 Sea Zone  (1773,1050)  (1789,1067)  (1767,1067)  (1751,1050)  (1795,1035)  (1745,1077)  (1806,1084)  (1784,1084)  (1811,1052)  (1729,1060)  (1729,1043)  (1817,1035)  (1723,1086)  (1828,1069)  (1828,1086)  (1833,1052)  (1707,1069)  (1707,1052)  (1707,1035)  (1839,1035)  (1701,1086)  (1850,1069)  (1850,1086)  (1855,1052)  (1685,1069)  (1685,1052)  (1685,1035)  (1861,1035)  (1679,1086)  (1872,1069)  (1872,1086)  (1877,1052)  (1663,1069)  (1663,1052)  (1663,1035)  (1883,1035)  (1657,1086)  (1894,1069)  (1894,1086)  (1899,1052)  (1641,1069)  (1641,1052)  (1641,1035)  (1905,1035)  (1916,1069)  (1916,1086)  (1921,1052)  (1927,1035)
Johnston Island  (2697,627)  (2680,644)  (2675,625)  (2689,609)
Yukon Territory  (2924,115)  (2912,98)  (2934,98)  (2956,98)  (2907,80)  (2928,80)  (2949,80)  (2905,62)  (2928,62)  (2956,62)  (2913,43)  (2936,43)  (2959,43)  (2917,24)
Southeast Mexico  (7,537)
121 Sea Zone  (205,81)  (221,98)  (199,98)  (221,64)  (183,81)  (227,81)  (177,108)  (211,115)  (225,47)  (243,64)  (243,98)  (247,39)  (161,91)  (161,74)  (189,125)  (249,81)  (156,57)  (155,110)  (244,22)  (265,56)  (265,98)  (266,20)  (263,3)
Scotland  (595,177)  (572,177)  (550,177)  (556,161)  (578,155)  (553,193)  (574,194)  (573,211)  (595,211)  (595,194)
Chahar  (1766,320)  (1782,337)  (1760,337)  (1755,303)  (1777,303)  (1744,320)  (1788,320)  (1738,347)  (1787,354)  (1765,354)  (1768,286)
10 Sea Zone  (2878,418)  (2854,418)  (2869,399)  (2844,398)  (2864,380)  (2839,379)  (2864,360)  (2838,359)  (2882,437)  (2857,437)  (2863,340)  (2837,340)  (2861,320)  (2837,320)  (2865,300)  (2840,300)  (2899,456)  (2874,456)  (2907,475)  (2881,475)  (2914,493)  (2889,493)  (2926,512)  (2900,512)  (2937,529)  (2912,533)  (2939,548)  (2852,282)  (2821,367)
42 Sea Zone  (1870,900)  (1887,917)  (1865,917)  (1848,900)  (1843,923)  (1904,934)  (1882,934)  (1909,902)  (1826,906)  (1821,938)  (1926,919)  (1926,936)  (1931,902)  (1804,921)  (1804,904)  (1799,938)  (1943,851)  (1948,919)  (1953,896)  (1782,921)  (1782,904)  (1777,938)  (1961,868)  (1965,844)  (1771,887)  (1975,885)  (1975,902)  (1760,921)  (1760,904)  (1755,938)  (1983,861)  (1987,844)  (1997,878)  (2005,861)  (2009,844)  (2031,844)  (2053,844)  (2075,844)
Okinawa  (2040,431)  (2024,448)  (2017,430)  (2029,414)
13 Sea Zone  (2687,379)  (2703,396)  (2681,396)  (2669,362)  (2691,362)  (2665,379)  (2709,379)  (2713,353)  (2659,406)  (2720,413)  (2698,413)  (2652,345)  (2674,345)  (2725,396)  (2696,336)  (2718,336)  (2676,423)  (2654,423)  (2731,370)  (2734,430)  (2712,430)  (2690,440)  (2668,440)
Northwest Persia  (1229,544)  (1236,561)  (1207,539)  (1251,539)  (1225,578)
Persia  (1255,612)  (1271,629)  (1249,629)  (1247,595)  (1269,595)  (1233,612)  (1288,646)  (1266,646)  (1244,646)  (1258,578)  (1280,571)  (1211,621)  (1211,604)  (1302,565)  (1310,651)
3 Sea Zone  (2575,52)  (2591,69)  (2569,69)  (2558,35)  (2580,35)  (2553,52)  (2597,52)  (2547,79)  (2602,25)  (2577,18)  (2613,69)  (2619,42)
Eastern United States  (102,361)  (116,378)  (94,378)  (103,344)  (80,361)  (125,338)  (72,390)  (110,395)  (147,326)  (88,407)  (66,407)  (50,390)  (81,424)  (59,424)  (80,441)  (58,441)
115 Sea Zone  (927,161)  (922,178)  (920,87)
Sweden  (812,145)  (828,162)  (806,162)  (806,128)  (828,128)  (790,145)  (834,145)  (784,172)  (825,179)  (819,111)  (841,111)  (803,189)  (839,94)  (861,94)  (870,77)  (892,68)  (914,52)
Sikang  (1526,467)  (1542,484)  (1520,484)  (1508,450)  (1530,450)  (1504,467)  (1548,467)  (1552,441)  (1539,501)  (1517,501)  (1499,433)  (1574,432)  (1574,449)  (1531,518)  (1509,518)
South West Africa  (854,1041)  (869,1058)  (847,1058)  (832,1041)  (876,1031)
Nigeria  (707,808)  (723,825)  (701,825)  (689,791)  (685,808)  (729,795)  (679,832)  (723,842)  (745,812)  (745,829)  (667,787)  (751,792)  (767,809)
Southern Italy  (834,500)  (824,483)  (810,466)  (818,449)  (832,465)  (846,483)  (854,466)  (840,448)  (867,483)  (867,483)
New Hebrides  (2486,923)  (2474,939)  (2441,921)  (2464,911)
Siam  (1706,687)  (1722,704)  (1700,704)  (1690,670)  (1712,654)  (1739,721)  (1687,653)  (1748,739)
69 Sea Zone  (560,1019)  (576,1036)  (554,1036)  (542,1002)  (564,1002)  (538,1019)  (582,1019)  (586,993)  (532,1046)  (593,1053)  (571,1053)  (525,985)  (547,985)  (598,1036)  (520,1002)  (516,1029)  (569,976)  (591,976)  (549,1063)  (527,1063)  (604,1010)  (608,993)  (510,1046)  (610,1070)  (588,1070)  (508,968)  (530,968)  (613,966)  (505,1073)  (615,1053)  (503,985)  (552,959)  (574,959)  (620,1027)  (566,1080)  (544,1080)  (498,1012)  (494,1029)  (626,1010)  (630,983)  (488,1056)  (632,1070)  (635,958)
17 Sea Zone  (2333,377)  (2349,394)  (2315,360)  (2337,360)  (2311,383)  (2355,377)  (2359,351)  (2366,411)  (2331,343)  (2371,394)  (2344,422)  (2372,428)  (2273,437)  (2350,439)  (2328,440)  (2306,442)  (2372,445)  (2284,454)  (2262,454)  (2350,456)  (2328,457)  (2306,459)  (2372,462)
12 Sea Zone  (2824,472)  (2799,472)  (2773,472)  (2824,490)  (2799,490)  (2773,490)  (2824,509)  (2799,509)  (2775,509)  (2824,528)  (2799,528)  (2775,528)  (2848,528)  (2848,509)  (2848,490)  (2823,453)  (2799,452)  (2773,452)  (2823,432)  (2797,432)  (2771,432)  (2812,411)  (2786,411)  (2761,411)  (2799,389)  (2773,389)
Bolivia  (118,767)  (131,784)  (109,784)
Solomon Islands  (2410,838)  (2397,855)  (2374,849)  (2382,832)
Liberia  (516,803)  (531,822)
New Guinea  (2256,822)  (2234,816)  (2234,833)  (2256,839)  (2278,832)
Turkmenistan  (1372,497)  (1388,514)  (1366,514)  (1350,497)  (1344,518)  (1396,531)
Kenya  (1044,891)  (1060,908)  (1022,895)  (1066,885)  (1000,901)
32 Sea Zone  (2448,639)  (2443,622)  (2466,656)  (2444,656)  (2426,639)  (2426,605)  (2421,622)  (2448,600)  (2488,657)  (2466,673)  (2495,674)  (2424,588)  (2404,640)  (2399,623)  (2510,586)  (2510,653)  (2517,670)  (2522,603)  (2522,636)
Midway  (2604,425)  (2585,439)  (2581,421)  (2598,408)
Peru  (62,729)  (76,746)  (66,700)
Caucasus  (1213,456)  (1229,473)  (1207,473)  (1195,439)  (1217,439)  (1191,456)  (1235,456)  (1239,430)  (1185,474)  (1246,490)  (1224,490)  (1169,455)  (1257,447)  (1263,507)  (1241,507)  (1219,507)  (1279,433)
Tunisia  (723,591)  (700,578)  (701,595)  (679,595)  (682,612)  (703,612)
Sardinia  (725,469)  (723,486)  (746,480)  (748,457)  (723,452)  (729,440)
Malta  (800,581)  (779,581)  (788,566)  (789,597)
Buryatia  (1890,82)  (1906,99)  (1884,99)  (1872,65)  (1894,65)  (1868,82)  (1912,82)  (1916,56)  (1862,109)  (1923,116)  (1901,116)  (1881,48)  (1928,99)  (1846,74)  (1903,39)  (1925,39)  (1879,126)  (1857,126)  (1940,133)  (1918,133)  (1947,25)  (1947,42)  (1891,22)  (1913,22)  (1962,128)  (1935,8)  (1881,5)  (1903,5)
Manchuria  (1986,215)  (2002,232)  (1980,232)  (1968,198)  (1990,198)  (1964,215)  (2008,215)  (2012,189)  (1958,242)  (2012,249)  (1990,249)  (1956,181)  (1978,181)  (2024,232)  (1946,198)  (1942,225)  (1956,259)  (2030,206)  (1936,242)  (2046,223)  (2046,240)  (2052,196)  (2068,213)  (2068,230)  (2090,200)
Rhodesia  (945,1009)  (951,1026)  (929,1026)  (923,1009)  (973,1017)  (973,980)
68 Sea Zone  (374,1014)  (390,1031)  (368,1031)  (356,997)  (378,997)  (352,1014)  (396,1014)  (400,988)  (346,1041)  (407,1048)  (385,1048)  (339,980)  (361,980)  (412,1031)  (334,997)  (330,1024)  (383,971)  (405,971)  (363,1058)  (341,1058)  (418,1005)  (422,988)  (324,1041)  (424,1065)  (402,1065)  (322,963)  (344,963)  (427,961)  (319,1068)  (429,1048)  (317,980)  (434,1022)  (380,1075)  (358,1075)  (312,1007)  (308,1024)  (440,1005)  (441,1082)  (419,1082)  (444,978)  (336,1085)  (314,1085)  (302,1051)  (446,1065)  (300,963)  (449,957)  (451,1039)  (456,1022)  (462,995)  (463,1082)  (466,974)
21 Sea Zone  (2150,534)  (2161,551)  (2139,551)  (2132,517)  (2154,517)  (2128,534)  (2172,534)  (2117,566)  (2161,568)  (2139,568)  (2115,500)  (2137,500)  (2159,500)  (2117,583)  (2171,585)  (2149,585)  (2203,588)
Suiyuyan  (1680,301)  (1696,318)  (1674,318)  (1668,284)  (1690,284)  (1658,301)  (1702,301)  (1652,328)  (1712,277)  (1701,335)  (1679,335)  (1724,294)  (1734,276)
50 Sea Zone  (2717,874)  (2739,879)  (2702,857)  (2717,891)  (2699,840)  (2755,896)  (2695,896)  (2695,879)  (2761,879)  (2733,908)  (2682,823)  (2704,823)  (2680,862)  (2772,913)  (2711,913)  (2689,913)  (2677,845)  (2777,896)  (2673,896)  (2673,879)  (2726,814)  (2775,813)  (2748,812)  (2783,877)  (2667,924)  (2750,925)  (2665,806)  (2687,806)  (2789,930)  (2728,930)  (2706,930)  (2660,828)  (2658,862)  (2794,913)  (2709,797)  (2655,845)  (2770,796)  (2792,796)  (2731,795)  (2797,813)  (2799,894)  (2651,907)  (2651,890)  (2767,942)  (2648,789)  (2670,789)  (2803,830)  (2803,860)  (2805,877)  (2806,947)  (2745,947)  (2723,947)  (2701,947)  (2811,930)  (2692,780)  (2753,779)  (2775,779)  (2797,779)  (2714,778)  (2814,796)  (2816,911)  (2819,773)  (2819,813)  (2646,772)  (2668,772)  (2821,894)  (2825,830)  (2825,854)  (2827,871)  (2828,947)  (2690,763)  (2736,762)  (2758,762)  (2780,762)  (2712,761)  (2802,756)  (2824,756)
22 Sea Zone  (2261,508)  (2239,507)  (2275,525)  (2261,491)  (2230,490)  (2282,542)  (2283,486)  (2283,503)  (2217,515)  (2290,559)  (2208,498)  (2290,576)  (2268,576)  (2231,581)  (2290,593)  (2268,593)
105 Sea Zone  (541,374)  (556,391)  (534,391)  (550,408)  (528,408)
Samara  (1372,298)  (1388,315)  (1366,315)  (1354,281)  (1376,281)  (1350,298)  (1394,298)  (1344,325)  (1405,332)  (1383,332)  (1340,264)  (1362,264)  (1384,264)  (1361,342)  (1339,342)  (1422,349)  (1400,349)  (1331,247)  (1353,247)  (1375,247)  (1427,331)  (1378,359)  (1356,359)  (1334,359)  (1438,366)  (1416,366)  (1332,230)  (1354,230)  (1376,230)  (1444,348)  (1394,376)
35 Sea Zone  (2083,663)  (2099,680)  (2074,646)  (2096,646)  (2105,663)  (2052,634)  (2116,697)  (2074,629)  (2096,629)  (2118,628)  (2118,645)  (2121,680)  (2127,662)  (2044,617)  (2133,714)  (2111,714)  (2066,612)  (2088,612)  (2138,697)  (2140,612)  (2140,629)  (2143,679)  (2016,729)  (2147,731)  (2125,731)  (2103,731)  (2012,712)  (1994,734)  (1990,717)  (1990,667)  (1989,613)  (1986,650)  (1985,633)  (1972,734)  (1968,717)  (1968,676)  (1967,616)
Newfoundland Labrador  (220,202)  (236,219)  (214,219)  (198,202)  (258,215)
Caroline Islands  (2363,673)  (2340,672)  (2317,670)  (2294,676)  (2316,688)  (2339,688)
Portugal  (446,485)  (448,502)  (449,468)  (441,519)
120 Sea Zone  (61,126)  (77,143)  (55,143)  (72,109)  (39,126)  (83,126)  (36,109)  (33,153)  (88,160)  (66,160)  (103,85)  (44,170)  (100,177)  (78,177)
Iwo Jima  (2309,414)  (2292,431)  (2286,413)  (2298,396)
Ecuador  (41,690)
100 Sea Zone  (1080,447)  (1063,430)  (1058,452)  (1102,444)  (1104,461)  (1041,435)  (1036,458)  (1126,450)  (1126,467)  (1148,473)
112 Sea Zone  (691,178)  (674,161)  (697,195)  (675,195)  (669,178)  (667,144)  (711,212)  (689,212)  (667,212)  (667,127)  (713,229)
Olgiy  (1612,192)  (1628,209)  (1606,209)  (1609,175)  (1590,192)  (1634,185)  (1584,217)  (1622,226)
27 Sea Zone  (2852,588)  (2865,605)  (2842,605)  (2819,606)  (2828,589)  (2804,588)  (2795,606)  (2771,605)  (2778,585)  (2767,568)  (2791,568)  (2815,569)  (2840,569)  (2863,569)
Tobruk  (868,652)  (884,669)  (862,669)  (859,635)  (881,635)  (846,652)  (890,652)  (840,678)  (896,686)
63 Sea Zone  (2506,1004)  (2513,1021)  (2491,1021)  (2488,987)  (2510,987)  (2484,1004)  (2532,975)  (2514,1038)  (2492,1038)  (2471,970)  (2493,970)  (2470,1039)  (2469,1022)  (2466,987)  (2462,1005)  (2515,958)  (2537,958)  (2554,975)  (2495,1055)  (2473,1056)  (2559,955)  (2451,1058)  (2449,970)  (2448,1041)  (2447,1024)  (2444,988)  (2440,1007)  (2573,1072)  (2477,1073)  (2576,972)  (2455,1075)  (2433,1076)  (2581,955)  (2429,1059)  (2427,971)  (2426,1042)  (2425,1025)  (2422,990)  (2418,1008)  (2595,1066)  (2595,1083)  (2598,972)  (2600,989)  (2603,955)  (2609,1047)  (2610,1006)  (2611,1023)  (2617,1064)  (2617,1081)  (2620,972)  (2622,989)  (2625,955)  (2631,1040)  (2632,1006)  (2633,1023)  (2639,1057)  (2639,1074)  (2642,972)  (2644,989)  (2647,955)  (2653,1040)  (2654,1006)  (2655,1023)  (2661,1057)  (2661,1074)  (2664,972)  (2666,989)  (2669,955)
Chile  (33,910)
80 Sea Zone  (1318,755)  (1334,772)  (1312,772)  (1316,738)  (1338,735)  (1296,755)  (1340,752)  (1290,782)  (1351,789)  (1329,789)  (1335,718)  (1356,769)  (1357,716)  (1360,733)  (1307,799)  (1285,799)  (1362,750)  (1268,782)  (1368,806)  (1346,806)  (1263,809)  (1342,699)  (1364,699)  (1252,685)
Baltic States  (967,198)  (983,215)  (961,215)  (957,181)  (979,181)  (989,198)  (939,224)  (965,232)
96 Sea Zone  (836,580)  (852,597)  (830,597)  (818,563)  (840,563)  (858,580)  (862,563)  (808,607)  (834,614)  (874,597)  (880,580)  (884,563)  (896,597)  (770,563)  (766,597)  (764,580)
West India  (1448,654)  (1464,671)  (1442,671)  (1430,637)  (1452,637)  (1426,654)  (1470,654)  (1474,628)  (1420,681)  (1468,688)  (1446,688)  (1433,620)  (1470,611)  (1468,705)  (1446,705)  (1468,722)  (1446,722)  (1460,739)
French Equatorial Africa  (813,827)  (829,844)  (807,844)  (800,810)  (822,810)  (791,827)  (835,827)  (785,854)  (844,796)  (841,861)  (819,861)  (809,793)  (851,844)  (797,871)  (775,871)  (857,813)  (831,779)  (853,779)  (763,854)  (834,878)  (805,776)  (866,796)  (753,872)  (873,830)  (873,847)  (812,888)  (790,888)  (768,889)  (875,765)  (827,762)  (849,762)  (879,813)  (805,759)  (884,864)  (830,905)  (808,905)  (786,906)  (764,906)  (895,838)  (906,855)  (816,922)  (794,923)  (772,923)
Fiji  (2763,849)  (2745,863)  (2734,845)  (2755,833)
116 Sea Zone  (271,160)  (287,177)  (265,177)  (253,143)  (275,143)  (249,160)  (293,160)  (297,134)  (304,194)  (282,194)  (238,126)  (260,126)  (282,117)  (304,117)  (304,211)
Sakha  (2015,55)  (2031,72)  (2009,72)  (1997,38)  (2019,38)  (1993,55)  (2037,55)  (2041,29)  (1987,82)  (2036,89)  (2014,89)  (1980,21)  (2002,21)  (1971,65)  (2024,12)  (2046,12)  (1992,99)  (1970,99)  (2059,46)  (2059,63)  (2063,29)  (1965,82)  (2019,106)  (1974,4)  (1996,4)  (2068,2)  (1997,116)  (2085,31)
Sierra Leone  (481,765)
55 Sea Zone  (2133,875)  (2111,885)
108 Sea Zone  (440,276)  (456,293)  (434,293)  (422,259)  (444,259)  (418,276)  (462,276)  (466,250)  (464,310)  (442,310)  (420,310)  (416,242)  (438,242)  (442,327)  (420,327)  (421,344)
7 Sea Zone  (2432,179)  (2448,196)  (2426,196)  (2414,162)  (2436,162)  (2410,179)  (2454,179)  (2458,153)  (2404,206)  (2465,213)  (2443,213)  (2397,145)  (2419,145)  (2470,196)  (2392,162)  (2388,189)  (2421,223)  (2399,223)  (2476,170)  (2480,144)  (2382,206)  (2377,223)  (2487,213)  (2375,145)  (2492,187)  (2370,172)  (2366,189)  (2498,161)  (2502,144)  (2509,204)  (2509,221)
Samoa  (2912,884)  (2890,900)  (2886,883)  (2896,868)
Greater Southern Germany  (815,337)  (831,354)  (809,354)  (810,320)  (832,320)
38 Sea Zone  (1611,732)  (1627,749)  (1605,749)  (1593,715)  (1615,715)  (1589,732)  (1633,732)  (1583,759)  (1644,766)  (1622,766)  (1572,698)  (1649,749)  (1571,715)
73 Sea Zone  (1303,1052)  (1319,1069)  (1297,1069)  (1285,1035)  (1307,1035)  (1281,1052)  (1325,1052)  (1329,1035)  (1275,1079)  (1336,1086)  (1314,1086)  (1341,1069)  (1263,1035)  (1259,1062)  (1347,1052)  (1351,1035)  (1253,1086)  (1358,1086)  (1363,1069)
Slovakia Hungary  (898,334)  (906,351)  (884,351)  (876,334)  (920,321)  (928,338)  (895,368)  (873,368)  (950,330)
Turkey  (1069,499)  (1085,516)  (1063,516)  (1051,482)  (1073,482)  (1047,499)  (1091,499)  (1041,526)  (1107,516)  (1025,509)  (1113,492)  (1019,531)  (1129,509)  (1129,526)  (1003,508)  (1151,497)  (1151,514)  (1173,495)  (1173,512)  (1173,529)
Celebes  (1999,783)  (1975,786)  (1962,805)  (1985,805)  (2053,763)  (2030,763)  (2054,778)  (2076,774)
Shensi  (1644,388)  (1660,405)  (1638,405)  (1626,371)  (1648,371)  (1622,388)  (1666,388)  (1670,370)  (1616,415)  (1660,422)  (1638,422)  (1624,354)  (1616,432)
70 Sea Zone  (732,1017)  (748,1034)  (726,1034)  (714,1000)  (736,1000)  (710,1017)  (754,1017)  (758,991)  (704,1044)  (765,1051)  (743,1051)  (697,983)  (719,983)  (770,1034)  (692,1000)  (688,1027)  (741,974)  (763,974)  (721,1061)  (699,1061)  (776,1008)  (682,1044)  (782,1068)  (760,1068)  (680,966)  (702,966)  (677,1071)  (787,1051)  (675,983)  (724,957)  (746,957)  (738,1078)  (716,1078)  (670,1010)  (666,1027)  (799,1085)  (777,1085)  (660,1054)  (804,1068)  (658,966)
Mozambique  (1002,1001)  (1002,1018)
Guam  (2205,561)  (2190,577)  (2182,559)  (2194,543)
French Madagascar  (1131,1012)  (1129,1029)  (1147,995)  (1107,1035)
Yunnan  (1677,554)  (1693,571)  (1671,571)  (1659,537)  (1655,554)  (1715,567)
Romania  (973,371)  (989,388)  (967,388)  (991,353)  (951,371)  (995,370)  (1011,392)
French Guiana  (222,680)
Algeria  (602,592)  (618,609)  (596,609)  (587,575)  (609,575)  (580,592)  (624,592)  (574,619)  (631,564)  (635,626)  (613,626)  (640,609)  (558,602)  (646,581)  (552,633)  (657,626)  (536,616)  (514,613)
Saudi Arabia  (1170,698)  (1186,715)  (1164,715)  (1152,681)  (1174,681)  (1148,698)  (1192,698)  (1196,672)  (1142,725)  (1203,732)  (1181,732)  (1135,664)  (1157,664)  (1208,715)  (1130,681)  (1126,708)  (1179,655)  (1159,742)  (1137,742)  (1214,689)  (1120,725)  (1220,749)  (1198,749)  (1118,647)  (1140,647)  (1225,732)  (1113,664)  (1230,706)  (1176,759)  (1154,759)  (1108,691)  (1232,766)  (1210,766)  (1101,630)  (1123,630)  (1242,749)  (1096,647)  (1247,723)  (1188,776)  (1166,776)  (1091,674)  (1252,704)  (1153,793)  (1269,721)  (1069,664)  (1274,704)  (1291,721)  (1296,698)
Shantung  (1907,359)  (1910,376)  (1889,342)  (1888,377)  (1885,360)  (1929,348)  (1910,393)  (1888,325)  (1910,325)  (1888,394)  (1866,378)  (1951,339)  (1894,411)
Yenisey  (1676,67)  (1692,84)  (1670,84)  (1658,50)  (1680,50)  (1654,67)  (1698,67)  (1702,41)  (1648,94)  (1709,101)  (1687,101)  (1641,33)  (1663,33)  (1714,84)  (1636,50)  (1632,77)  (1685,24)  (1707,24)  (1665,111)  (1643,111)  (1720,58)  (1724,41)  (1626,94)  (1634,16)  (1656,16)  (1729,14)  (1621,121)  (1678,7)  (1700,7)  (1673,128)  (1651,128)  (1627,138)  (1605,138)  (1751,1)  (1590,155)  (1568,158)
Paraguay  (151,807)  (152,824)
30 Sea Zone  (2644,664)  (2660,681)  (2638,681)  (2626,647)  (2622,664)  (2666,656)  (2616,691)  (2677,698)  (2655,698)  (2609,630)  (2631,630)  (2682,673)  (2604,647)  (2600,674)  (2633,708)  (2611,708)  (2694,715)  (2672,715)  (2592,613)  (2614,613)  (2636,613)  (2699,690)  (2587,630)  (2704,657)  (2650,725)  (2628,725)  (2606,725)  (2582,657)  (2578,675)  (2711,732)  (2689,732)  (2575,596)  (2597,596)  (2619,596)  (2641,596)  (2712,595)  (2663,594)  (2685,593)  (2716,707)  (2570,613)  (2721,674)  (2565,640)  (2726,648)  (2560,658)  (2556,675)  (2732,612)  (2733,724)  (2553,596)  (2734,587)
11 Sea Zone  (2975,587)  (2974,604)  (2951,604)  (2953,587)  (2930,587)  (2928,603)  (2905,603)  (2908,586)  (2910,568)  (2932,570)  (2954,570)  (2976,569)
Quebec  (142,237)  (158,254)  (136,254)  (124,220)  (146,220)  (120,237)  (164,237)  (168,217)  (114,264)  (156,271)  (117,203)  (139,203)  (134,281)  (112,281)  (161,191)  (127,186)  (183,178)  (141,298)  (119,298)  (149,174)  (127,163)  (171,161)  (149,157)  (224,242)  (119,146)  (141,140)  (120,123)
Syria  (1094,557)  (1102,574)  (1080,574)  (1116,546)  (1124,563)
Alberta Saskatchewan Manitoba  (24,212)  (36,229)  (14,229)  (6,195)  (28,195)  (2,212)  (46,212)  (20,246)  (1,178)  (1,161)  (1,144)  (1,127)  (1,110)  (1,93)  (60,85)  (23,82)  (1,76)  (23,65)  (96,64)  (70,61)  (118,61)  (1,59)  (45,56)  (23,48)  (92,47)  (67,44)  (114,44)  (1,42)  (45,39)  (23,31)  (89,30)  (67,27)  (111,27)  (1,25)  (45,22)  (23,14)  (89,13)  (67,10)  (111,10)  (1,8)  (45,5)
75 Sea Zone  (1347,978)  (1363,995)  (1341,995)  (1329,961)  (1351,961)  (1325,978)  (1369,978)  (1373,955)  (1319,1005)  (1380,1012)  (1358,1012)  (1385,995)  (1307,961)  (1303,988)  (1391,972)  (1395,955)  (1297,1018)  (1402,1012)  (1407,989)  (1285,971)  (1281,1001)  (1413,972)  (1417,955)  (1275,1018)  (1424,1006)  (1429,989)  (1263,984)  (1263,967)  (1259,1001)  (1435,972)  (1439,955)  (1253,1018)  (1446,1006)  (1451,989)
Shan State  (1657,663)  (1667,680)  (1645,680)  (1663,635)  (1685,630)  (1664,697)  (1642,697)  (1691,613)
Colombia  (85,659)  (95,676)
2 Sea Zone  (2654,66)  (2643,49)  (2676,75)  (2641,32)
Switzerland  (722,365)  (718,382)  (744,373)
Sahara Desert  (633,676)  (649,693)  (627,693)  (615,659)  (637,659)  (611,676)  (655,676)  (659,650)  (605,703)  (666,710)  (644,710)  (671,693)  (593,659)  (589,686)  (677,667)  (681,646)  (583,705)  (693,684)  (693,701)  (571,669)  (567,688)  (699,663)  (561,706)  (715,680)  (715,697)  (549,671)  (549,654)  (545,689)  (539,707)  (737,688)  (527,672)  (527,655)  (523,690)  (517,707)  (506,638)  (759,695)  (505,673)  (505,656)  (501,690)  (484,639)  (781,697)  (483,673)  (483,656)  (479,694)  (789,714)  (803,697)  (461,677)  (461,660)  (811,714)  (439,689)  (439,672)  (439,655)  (833,698)  (833,715)  (835,732)  (855,698)  (855,715)  (857,732)  (877,704)  (879,721)  (879,738)  (901,712)  (901,729)  (923,721)  (923,738)  (945,723)  (945,740)  (967,721)  (967,738)
Trans-Jordan  (1048,619)  (1060,636)  (1038,636)  (1046,603)  (1068,608)
Rostov  (1172,380)  (1188,397)  (1166,397)  (1158,363)  (1180,363)  (1150,380)  (1194,380)  (1175,414)  (1153,414)  (1144,431)
French Indo China  (1776,670)  (1792,687)  (1770,687)  (1758,653)  (1754,670)  (1780,638)  (1809,704)  (1787,704)  (1750,636)  (1812,721)  (1790,721)  (1745,619)  (1802,738)
Hunan  (1759,511)  (1775,528)  (1753,528)  (1768,494)  (1737,511)  (1781,511)  (1731,538)  (1790,485)  (1715,521)  (1803,502)  (1709,538)  (1825,503)
Western United States  (2938,406)  (2913,407)  (2936,424)  (2904,387)  (2928,386)  (2896,366)  (2920,366)  (2895,346)  (2919,346)  (2903,327)  (2926,327)  (2942,346)  (2943,366)  (2951,386)  (2960,425)  (2949,327)  (2965,345)  (2966,366)  (2974,386)  (2904,308)  (2928,308)  (2953,308)
Kansu  (1571,277)  (1587,294)  (1565,294)  (1553,260)  (1575,260)  (1549,277)  (1593,277)  (1597,251)  (1543,304)  (1601,311)  (1579,311)  (1558,243)  (1609,294)  (1527,287)  (1557,321)  (1615,268)  (1521,318)  (1599,328)  (1637,257)
94 Sea Zone  (692,535)  (708,552)  (686,552)  (674,518)  (696,518)  (670,535)  (714,535)  (730,552)  (652,518)  (648,543)
58 Sea Zone  (1555,978)  (1571,995)  (1549,995)  (1537,961)  (1559,961)  (1533,978)  (1577,978)  (1581,955)  (1527,1005)  (1588,1012)  (1566,1012)  (1593,995)  (1515,961)  (1511,988)  (1599,972)  (1603,955)  (1505,1018)  (1610,1012)  (1615,989)  (1493,971)  (1489,1001)  (1621,972)  (1625,955)  (1483,1018)  (1632,1006)  (1637,989)  (1643,972)  (1647,955)  (1654,1006)  (1659,989)
Albania  (918,458)  (931,475)  (908,475)  (895,457)  (929,443)
Amur  (2094,134)  (2110,151)  (2088,151)  (2076,117)  (2098,117)  (2072,134)  (2116,134)  (2120,108)  (2066,161)  (2127,168)  (2105,168)  (2059,100)  (2081,100)  (2132,151)  (2054,117)  (2050,144)  (2103,91)  (2125,91)  (2138,125)  (2142,108)  (2044,176)  (2144,185)  (2147,91)  (2149,168)  (2154,142)  (2028,159)  (2028,142)  (2160,125)  (2164,108)  (2171,159)  (2176,142)  (2006,164)  (2006,147)  (2182,125)  (2186,105)  (1984,158)  (1962,158)
39 Sea Zone  (1520,781)  (1498,785)  (1537,798)  (1541,762)  (1515,802)  (1493,802)  (1542,742)  (1542,779)  (1540,725)  (1521,708)  (1543,708)  (1531,691)
Hopei  (1734,392)  (1749,409)  (1727,409)  (1721,375)  (1712,392)  (1756,377)  (1705,420)
19 Sea Zone  (2004,399)  (1996,416)  (1986,382)  (2008,382)  (1982,399)  (2026,399)  (2030,373)  (1974,428)  (1969,365)  (1991,365)  (1964,382)  (1960,411)  (2013,356)  (2048,390)  (1995,445)  (1973,445)  (1989,348)  (2063,458)  (2064,407)  (1942,383)  (2014,462)  (1992,462)  (1970,462)  (2041,463)  (1989,331)  (2073,440)  (2079,475)  (2019,479)  (1997,479)  (1975,479)  (1967,318)  (2085,457)  (2086,408)  (1941,314)  (1963,301)  (1959,284)  (1981,284)
Eire  (518,230)  (503,246)  (496,229)  (505,212)
Central United States  (15,371)  (20,388)  (1,354)  (23,354)  (45,348)  (20,405)  (1,337)  (33,422)  (11,422)  (1,320)  (33,439)  (11,439)  (1,303)  (15,456)
Central Mongolia  (1746,213)  (1762,230)  (1740,230)  (1728,196)  (1750,196)  (1724,213)  (1768,213)  (1718,240)  (1764,247)  (1742,247)  (1784,230)  (1720,257)
Kwangsi  (1781,568)  (1797,585)  (1775,585)  (1785,551)  (1759,568)  (1807,542)  (1801,602)  (1779,602)  (1829,539)  (1809,619)
Northern Territory  (2160,923)  (2176,940)  (2154,940)  (2149,906)  (2171,906)  (2138,923)  (2182,923)  (2132,950)  (2193,957)  (2171,957)  (2166,889)  (2188,889)  (2198,940)  (2116,933)  (2116,916)  (2204,912)  (2215,957)
Vyborg  (978,133)  (955,132)  (955,148)  (977,151)  (1000,118)  (1000,141)
Archangel  (1153,118)  (1169,135)  (1147,135)  (1135,101)  (1157,101)  (1131,118)  (1175,118)  (1179,92)  (1125,145)  (1184,152)  (1162,152)  (1118,84)  (1140,84)  (1162,75)  (1184,75)  (1140,162)  (1197,109)  (1156,58)  (1178,58)
Kiangsu  (1891,443)  (1907,460)  (1885,460)  (1869,443)  (1913,428)  (1863,464)
Argentina  (95,855)  (111,872)  (89,872)  (92,838)  (114,836)  (117,853)  (110,889)  (88,889)  (97,819)  (66,894)  (88,906)  (66,911)  (62,928)
Poland  (912,268)  (928,285)  (906,285)  (898,251)  (920,247)  (945,302)  (898,234)  (967,301)
Kiangsi  (1878,503)  (1894,520)  (1872,520)  (1859,486)  (1856,503)  (1900,491)  (1895,537)
Union of South Africa  (952,1059)  (967,1042)  (929,1052)  (906,1056)  (888,1073)  (910,1073)  (932,1076)
Alaska  (2776,23)  (2792,40)  (2770,40)  (2758,6)  (2780,6)  (2754,23)  (2798,23)  (2802,1)  (2748,50)  (2814,40)  (2736,6)  (2732,33)  (2738,67)  (2820,18)  (2824,1)  (2726,50)  (2828,57)  (2716,69)  (2836,35)  (2714,16)  (2710,33)  (2842,18)  (2846,1)  (2704,52)  (2850,52)  (2858,35)  (2864,18)  (2868,1)  (2682,55)  (2872,52)  (2872,69)
Bulgaria  (980,433)  (995,450)  (973,450)  (962,416)  (984,416)  (958,433)  (1002,433)
Bessarabia  (1023,359)  (1019,343)  (1009,326)  (1027,376)  (1043,393)  (1048,377)
Aleutian Islands  (2690,114)  (2711,104)  (2653,137)  (2675,129)
34 Sea Zone  (2212,664)  (2228,681)  (2206,681)  (2194,647)  (2216,647)  (2190,664)  (2234,664)  (2238,638)  (2184,682)  (2245,698)  (2223,698)  (2177,630)  (2199,630)  (2250,681)  (2172,647)  (2221,621)  (2243,621)  (2256,655)  (2256,715)  (2234,715)  (2169,613)  (2191,613)  (2212,729)  (2170,730)  (2256,732)  (2234,732)
Germany  (831,265)  (847,282)  (825,282)  (831,248)  (809,265)  (853,243)  (853,260)  (803,292)  (864,299)
Norway  (743,125)  (759,142)  (737,142)  (755,108)  (721,125)  (765,125)  (715,152)  (777,98)  (799,82)  (818,64)  (840,52)  (862,38)  (862,55)  (884,25)  (906,21)
109 Sea Zone  (519,259)  (519,276)  (497,280)  (497,263)  (549,229)  (508,297)
Central America  (30,576)
Northern Italy  (759,398)  (774,415)  (767,381)  (737,407)  (789,381)  (792,432)  (793,449)  (770,432)  (781,398)
Japan  (2230,326)  (2206,326)  (2183,326)  (2235,308)  (2212,308)  (2230,290)  (2239,272)  (2242,254)  (2191,343)  (2162,336)  (2169,354)  (2138,337)  (2144,356)  (2117,353)  (2110,372)  (2240,236)  (2235,216)  (2252,198)  (2273,205)  (2285,186)  (2264,177)  (2214,343)
117 Sea Zone  (360,176)  (376,193)  (354,193)  (342,159)  (364,159)  (338,176)  (382,176)  (386,150)  (332,203)  (393,210)  (371,210)  (326,142)  (348,142)  (370,133)  (392,133)  (349,220)  (327,220)  (394,227)  (372,227)  (326,125)  (348,125)  (370,116)  (392,116)  (350,237)  (328,237)
64 Sea Zone  (27,650)  (26,667)  (9,633)  (5,650)  (4,672)  (1,616)  (19,689)  (1,599)  (16,706)
Tambov  (1273,321)  (1289,338)  (1267,338)  (1256,304)  (1278,304)  (1251,321)  (1295,321)  (1245,348)  (1300,297)  (1296,355)  (1311,338)  (1229,331)
New South Wales  (2285,989)  (2301,1006)  (2279,1006)  (2263,989)  (2307,983)  (2257,1006)
56 Sea Zone  (2009,997)  (2025,1014)  (2003,1014)  (1991,980)  (1987,997)  (1981,1024)  (2042,1031)  (2020,1031)  (1974,963)  (1996,963)  (1969,980)  (1965,1007)  (1998,1041)  (1976,1041)  (1959,1024)  (2049,1048)  (2027,1048)  (1969,946)  (1991,946)  (2013,946)  (2035,939)  (2005,1058)  (1983,1058)  (1961,1058)  (2071,1050)  (2057,930)  (2049,1065)  (2027,1065)  (1989,929)  (2011,929)  (2078,1067)  (2033,922)  (2005,1075)  (1983,1075)  (1961,1075)  (2055,913)  (2093,1046)  (2056,1082)  (2034,1082)  (2008,912)  (2093,1084)  (2030,905)  (2052,896)  (2045,879)  (2067,879)
97 Sea Zone  (869,500)  (885,517)  (863,517)  (880,483)  (841,527)  (894,534)  (872,534)  (874,464)  (850,544)  (851,450)  (828,435)  (850,433)  (815,418)
Novosibirsk  (1436,217)  (1452,234)  (1430,234)  (1418,200)  (1440,200)  (1414,217)  (1458,217)  (1462,191)  (1466,251)  (1444,251)  (1422,251)  (1401,183)  (1423,183)  (1445,174)  (1467,174)  (1486,268)  (1464,268)  (1442,268)  (1420,268)  (1402,166)  (1424,157)  (1446,157)  (1486,285)  (1464,285)  (1442,285)  (1402,149)  (1424,140)  (1446,140)  (1468,137)  (1480,302)  (1458,302)  (1436,302)  (1478,319)  (1474,336)
Java  (1861,863)  (1845,879)  (1822,876)  (1799,873)  (1799,857)  (1822,859)  (1874,879)  (1897,873)  (1923,873)
125 Sea Zone  (697,43)  (713,60)  (691,60)  (679,26)  (701,26)  (675,43)  (719,43)  (723,17)  (669,70)  (730,77)  (708,77)  (662,9)  (684,9)  (735,60)  (657,26)  (653,53)  (686,87)  (664,87)  (741,34)  (745,1)  (730,94)  (708,94)
India  (1526,628)  (1542,645)  (1520,645)  (1508,611)  (1530,611)  (1504,628)  (1548,628)  (1552,608)  (1528,662)  (1506,662)  (1501,594)  (1496,698)
92 Sea Zone  (585,535)  (570,552)  (583,518)  (605,515)  (607,532)  (548,565)  (526,567)
9 Sea Zone  (2765,240)  (2781,257)  (2759,257)  (2747,223)  (2769,223)  (2743,240)  (2787,240)  (2791,214)  (2737,267)  (2798,274)  (2776,274)  (2730,206)  (2752,206)  (2774,197)  (2796,197)  (2754,284)  (2732,284)  (2800,291)  (2778,291)  (2729,189)  (2751,189)  (2773,180)  (2795,180)  (2756,301)  (2734,301)  (2800,308)  (2778,308)  (2729,172)  (2751,172)  (2773,163)  (2795,163)  (2800,325)  (2778,325)  (2756,333)  (2800,342)  (2778,342)  (2756,350)
Tsinghai  (1542,374)  (1558,391)  (1536,391)  (1524,357)  (1546,357)  (1520,374)  (1564,374)  (1568,350)  (1514,401)  (1574,408)  (1552,408)  (1507,340)  (1580,391)  (1502,357)  (1498,384)  (1586,367)
128 Sea Zone  (1308,505)  (1292,488)  (1309,522)  (1278,471)  (1322,539)  (1300,539)
Greenland  (187,15)  (202,32)  (180,32)  (165,15)  (209,1)  (196,49)
72 Sea Zone  (1139,957)  (1137,974)  (1121,940)  (1143,940)  (1117,957)  (1161,957)  (1115,980)  (1165,931)  (1099,940)  (1180,974)  (1181,991)  (1095,1000)  (1095,963)  (1183,948)  (1093,983)  (1187,925)  (1189,1008)  (1083,1017)  (1202,965)  (1203,982)  (1205,942)  (1206,1025)  (1184,1025)  (1209,925)  (1211,999)  (1162,1035)  (1079,1040)  (1223,1042)  (1201,1042)  (1224,959)  (1225,976)  (1227,942)  (1228,1016)  (1179,1052)  (1157,1052)  (1086,1057)  (1229,1059)  (1207,1059)  (1135,1064)  (1113,1064)  (1185,1069)  (1163,1069)  (1091,1074)  (1229,1076)  (1207,1076)  (1141,1081)  (1119,1081)  (1185,1086)  (1163,1086)
48 Sea Zone  (2508,744)  (2486,758)  (2486,741)  (2525,761)  (2480,724)  (2530,744)  (2471,707)  (2464,768)  (2464,751)  (2493,698)  (2545,698)  (2547,761)  (2515,696)  (2458,734)  (2552,739)  (2567,692)  (2567,709)  (2569,756)  (2574,728)
81 Sea Zone  (1066,702)  (1052,685)  (1086,719)  (1088,736)
Szechwan  (1596,507)  (1612,524)  (1590,524)  (1578,490)  (1600,490)  (1618,507)  (1622,481)  (1568,534)  (1568,517)  (1614,541)  (1592,541)  (1578,473)  (1600,473)  (1634,524)  (1622,464)  (1570,551)  (1640,498)  (1611,558)  (1589,568)
57 Sea Zone  (1794,982)  (1810,999)  (1788,999)  (1776,965)  (1798,965)  (1772,982)  (1816,982)  (1820,956)  (1766,1009)  (1827,1016)  (1805,1016)  (1832,999)  (1754,965)  (1750,992)  (1838,973)  (1842,955)  (1744,1018)  (1849,1016)  (1854,990)  (1732,975)  (1732,958)  (1728,1001)  (1860,972)  (1864,955)  (1722,1018)  (1871,1007)  (1876,989)  (1710,984)  (1710,967)  (1706,1001)  (1882,972)  (1886,955)  (1700,1018)  (1893,1006)  (1898,989)  (1688,984)  (1688,967)  (1684,1001)  (1904,972)  (1908,955)  (1915,1006)  (1920,989)  (1926,972)  (1930,955)  (1937,1006)
33 Sea Zone  (2365,710)  (2343,720)  (2382,727)  (2387,707)  (2321,734)  (2321,717)  (2404,724)  (2409,699)  (2305,650)  (2372,649)  (2327,648)  (2349,648)  (2417,680)  (2299,734)  (2299,717)  (2426,716)  (2426,733)  (2288,633)  (2431,697)  (2371,632)  (2310,631)  (2332,631)  (2283,656)  (2280,700)  (2278,616)  (2354,615)  (2300,614)  (2322,614)
British Guiana  (179,663)
79 Sea Zone  (1420,765)  (1436,782)  (1414,782)  (1402,748)  (1424,748)  (1398,765)  (1453,799)  (1431,799)  (1409,799)  (1393,731)  (1415,731)  (1393,714)
Jehol  (1859,281)  (1875,298)  (1853,298)  (1841,264)  (1863,264)  (1837,281)  (1881,281)  (1885,255)  (1831,308)  (1866,315)  (1897,298)  (1815,291)  (1815,274)  (1844,325)  (1822,325)  (1903,272)  (1925,269)
Vologda  (1288,137)  (1304,154)  (1282,154)  (1270,120)  (1292,120)  (1266,137)  (1310,137)  (1314,111)  (1260,164)  (1321,171)  (1299,171)  (1276,103)  (1326,154)  (1248,120)  (1244,147)  (1298,94)  (1320,94)  (1277,181)  (1332,128)  (1336,111)  (1238,171)  (1338,188)  (1316,188)  (1342,83)  (1343,171)  (1307,77)  (1348,145)  (1226,130)  (1222,154)  (1354,128)  (1216,172)  (1360,188)  (1365,162)  (1370,145)
Uruguay  (143,860)
French West Africa  (553,744)  (569,761)  (547,761)  (535,727)  (557,727)  (531,744)  (575,744)  (579,724)  (525,771)  (566,778)  (591,761)  (513,727)  (509,754)  (544,788)  (597,741)  (568,795)  (613,758)  (613,775)  (546,805)  (491,737)  (487,720)  (619,732)  (572,812)  (635,749)  (635,766)  (635,783)  (635,800)  (469,739)  (578,829)
Libya  (769,638)  (785,655)  (763,655)  (751,621)  (773,621)  (747,638)  (791,638)  (741,658)  (802,672)  (780,672)  (807,655)  (729,621)  (725,641)  (813,638)
Dutch New Guinea  (2210,813)  (2187,810)  (2164,806)  (2163,823)  (2185,827)  (2206,829)
Sicily  (797,513)  (774,510)  (775,528)  (798,530)  (821,523)
Italian Somaliland  (1130,882)  (1152,876)  (1175,866)  (1190,851)  (1202,834)  (1107,897)
83 Sea Zone  (496,877)  (512,894)  (490,894)  (478,860)  (500,860)  (474,877)  (518,877)  (522,851)  (468,904)  (529,911)  (507,911)  (461,843)  (483,843)  (534,894)  (456,860)  (452,887)  (485,921)  (463,921)  (540,868)  (544,848)  (446,904)  (546,928)  (524,928)  (444,826)  (466,826)  (488,826)  (441,931)  (551,911)  (439,843)  (556,885)  (502,938)  (480,938)  (434,870)  (562,865)  (433,809)  (455,809)  (477,809)  (568,928)  (573,902)  (578,882)
Ontario  (71,263)  (87,280)  (59,246)  (49,263)  (27,263)
77 Sea Zone  (1316,875)  (1332,892)  (1310,892)  (1298,858)  (1320,858)  (1294,875)  (1338,875)  (1342,849)  (1288,902)  (1349,909)  (1327,909)  (1281,841)  (1303,841)  (1354,892)  (1276,858)  (1272,885)  (1325,832)  (1347,832)  (1305,919)  (1283,919)  (1360,866)  (1364,849)  (1266,902)  (1366,926)  (1344,926)  (1369,827)  (1261,929)  (1371,909)  (1259,841)  (1376,883)  (1322,936)  (1300,936)  (1254,868)  (1382,866)  (1386,844)
Ulaanbaatar  (1835,162)  (1851,179)  (1829,179)  (1813,162)  (1857,153)  (1807,188)  (1873,170)  (1873,187)  (1791,171)  (1791,154)  (1895,165)
82 Sea Zone  (666,889)  (682,906)  (660,906)  (648,872)  (670,872)  (644,889)  (688,889)  (692,869)  (638,916)  (699,923)  (677,923)  (649,855)  (704,906)  (626,872)  (622,899)  (655,933)  (633,933)  (710,886)  (616,916)  (615,855)  (716,940)  (694,940)  (611,940)  (721,923)  (726,903)  (738,940)
Sumatra  (1732,854)  (1710,853)  (1724,870)  (1691,836)  (1676,819)  (1656,806)  (1714,837)
Kwangtung  (1850,567)  (1855,584)  (1833,584)  (1828,567)  (1872,555)  (1839,601)
Brazil  (217,746)  (233,763)  (211,763)  (199,729)  (221,729)  (195,746)  (239,746)  (243,720)  (189,773)  (250,780)  (228,780)  (182,712)  (204,712)  (255,763)  (177,729)  (173,756)  (206,790)  (184,790)  (261,737)  (262,797)  (240,797)  (272,780)  (160,712)  (158,695)  (277,754)  (218,807)  (196,807)  (155,739)  (283,726)  (203,824)  (138,722)  (136,705)  (136,688)  (299,743)  (189,841)  (116,728)  (114,711)  (178,858)  (92,722)
31 Sea Zone  (2489,534)  (2496,517)  (2467,548)  (2506,551)  (2511,534)  (2494,500)  (2516,500)  (2518,517)  (2484,565)  (2462,565)  (2523,568)  (2445,548)  (2444,489)  (2466,489)  (2528,551)  (2440,569)  (2533,534)  (2538,486)  (2540,503)  (2545,568)  (2550,551)
Venezuela  (139,641)  (155,658)  (117,639)  (95,631)
127 Sea Zone  (1095,9)  (1111,26)  (1089,26)  (1073,9)  (1117,1)  (1067,30)  (1095,43)  (1133,18)  (1051,13)  (1138,35)  (1139,1)  (1101,60)  (1155,18)  (1029,16)  (1161,1)  (1083,81)  (1061,81)  (1177,18)  (1183,1)  (1205,1)
25 Sea Zone  (2567,379)  (2583,396)  (2561,396)  (2549,362)  (2571,362)  (2545,379)  (2589,379)  (2593,353)  (2539,406)  (2561,413)  (2532,345)  (2554,345)  (2605,396)  (2527,362)  (2523,389)  (2576,336)  (2598,336)  (2539,423)  (2611,370)  (2615,353)  (2517,428)  (2517,411)  (2620,333)  (2559,440)  (2537,445)  (2515,445)  (2550,462)  (2528,462)
South Australia  (2171,982)  (2153,999)  (2189,999)  (2149,982)  (2193,976)  (2131,1005)  (2211,993)  (2127,988)  (2215,976)
Marianas  (2255,542)  (2246,559)  (2233,543)  (2241,526)
103 Sea Zone  (376,417)  (392,434)  (370,434)  (358,400)  (380,400)  (354,417)  (398,417)  (402,391)  (348,444)  (409,451)  (387,451)  (341,383)  (363,383)  (336,400)  (385,374)  (407,374)  (365,461)  (343,461)  (412,468)  (390,468)  (337,366)  (359,366)
Volgograd  (1264,386)  (1280,403)  (1258,403)  (1246,369)  (1242,386)  (1286,376)  (1236,411)  (1302,393)  (1302,410)  (1220,394)
53 Sea Zone  (2519,898)  (2535,915)  (2501,881)  (2523,881)  (2497,898)  (2541,898)  (2545,881)  (2552,932)  (2530,932)  (2557,915)  (2479,881)  (2563,898)  (2567,881)  (2574,932)  (2579,915)  (2457,895)  (2585,898)  (2589,881)  (2596,932)  (2601,915)  (2435,897)  (2607,898)  (2611,881)  (2618,932)  (2415,938)  (2414,915)  (2623,915)  (2413,898)
Yugoslavia  (886,402)  (902,419)  (880,419)  (864,402)  (908,395)  (924,412)  (924,429)  (842,403)
Spain  (517,482)  (533,499)  (511,499)  (499,465)  (521,465)  (495,482)  (539,482)  (543,456)  (489,509)  (550,516)  (528,516)  (494,448)  (516,448)  (555,499)  (538,439)  (506,526)  (484,526)  (472,442)  (561,473)  (565,449)  (539,533)  (517,543)  (583,466)  (605,458)
Western Australia  (2071,975)  (2087,992)  (2065,992)  (2053,958)  (2075,958)  (2049,975)  (2093,975)  (2093,1009)  (2071,1009)  (2073,1026)
47 Sea Zone  (2362,772)  (2378,789)  (2344,755)  (2366,755)  (2340,775)  (2384,772)  (2388,751)  (2395,806)  (2373,806)  (2400,789)  (2322,758)  (2318,775)  (2406,768)  (2410,751)  (2428,768)  (2432,751)
Hawaiian Islands  (2685,504)  (2663,504)  (2665,487)  (2643,486)  (2638,468)  (2615,461)  (2676,519)
5 Sea Zone  (2278,107)  (2294,124)  (2272,124)  (2260,90)  (2282,90)  (2256,107)  (2300,107)  (2304,87)  (2250,127)  (2234,110)  (2228,131)  (2342,127)  (2211,160)  (2203,178)  (2361,81)  (2364,113)  (2195,195)  (2383,77)  (2383,94)  (2386,111)
Rio de Oro  (448,610)
Ethiopia  (1083,825)  (1099,842)  (1077,842)  (1065,808)  (1087,808)  (1061,825)  (1105,825)  (1055,852)  (1116,859)  (1094,859)  (1068,791)  (1039,835)
44 Sea Zone  (2031,794)  (2047,811)  (2025,811)  (2003,767)  (2003,822)  (2069,796)  (2069,813)  (2072,753)  (1981,766)
8 Sea Zone  (2609,132)  (2625,149)  (2603,149)  (2591,115)  (2613,115)  (2587,132)  (2631,132)  (2635,106)  (2581,159)  (2642,166)  (2620,166)  (2574,98)  (2596,98)  (2569,115)  (2565,142)  (2657,98)  (2559,173)  (2664,157)  (2552,98)  (2547,125)  (2543,156)  (2537,173)  (2686,157)  (2707,136)
Novgorod  (1053,151)  (1067,130)  (1031,165)  (1070,168)  (1024,148)  (1075,147)  (1089,116)
126 Sea Zone  (816,12)  (821,29)  (799,29)  (794,12)  (838,1)  (843,18)  (796,46)  (777,29)  (774,53)  (772,12)  (860,1)  (907,1)
1 Sea Zone  (2804,106)  (2820,123)  (2798,123)  (2791,89)  (2813,89)  (2782,106)  (2826,106)  (2776,133)  (2754,112)  (2751,131)  (2833,88)  (2848,106)  (2843,124)  (2826,142)  (2848,140)  (2832,160)  (2854,158)  (2833,179)  (2855,178)  (2877,196)  (2852,196)  (2829,197)  (2831,216)  (2854,216)  (2878,214)  (2834,238)  (2856,236)  (2862,256)  (2838,257)  (2849,271)
Gibraltar  (490,549)  (468,554)  (489,565)  (511,557)
98 Sea Zone  (968,594)  (984,611)  (962,611)  (946,594)  (990,583)  (940,618)  (1006,600)  (924,601)  (924,584)  (1012,583)
91 Sea Zone  (414,557)  (430,574)  (408,574)  (396,540)  (392,557)  (436,548)  (386,584)  (427,591)  (379,523)  (401,523)  (452,565)  (374,540)  (405,601)  (383,601)  (372,506)  (394,506)  (399,618)  (377,618)
Finland  (968,88)  (981,105)  (959,105)  (961,71)  (983,71)  (937,118)  (957,54)  (979,54)  (961,37)  (958,20)
78 Sea Zone  (1439,878)  (1455,895)  (1433,895)  (1421,861)  (1443,861)  (1417,878)  (1461,878)  (1465,852)  (1411,905)  (1472,912)  (1450,912)  (1409,844)  (1431,844)  (1453,835)  (1428,922)  (1474,929)  (1452,929)  (1410,827)
Suriname  (203,665)
107 Sea Zone  (360,297)  (376,314)  (354,314)  (342,280)  (364,280)  (338,297)  (382,297)  (386,271)  (332,324)  (393,331)  (371,331)  (326,263)  (348,263)  (349,341)  (327,341)  (394,348)  (372,348)
United Kingdom  (622,268)  (600,268)  (578,268)  (556,268)  (559,251)  (582,251)  (604,251)  (557,285)  (579,285)  (581,234)  (603,235)  (535,294)  (574,301)  (595,301)  (600,284)  (621,285)
110 Sea Zone  (648,264)  (649,281)  (628,247)  (650,247)  (672,240)  (566,319)  (544,319)  (670,256)  (693,242)
Anglo Egyptian Sudan  (977,788)  (993,805)  (971,805)  (959,771)  (981,771)  (955,788)  (999,788)  (1003,762)  (949,815)  (1010,822)  (988,822)  (1015,805)  (937,771)  (933,798)  (1000,745)  (966,832)  (944,832)  (1021,779)  (1022,743)  (1025,760)  (927,815)  (1004,839)  (982,849)  (960,849)  (911,798)  (1043,777)  (1044,733)  (1006,856)  (1047,750)
14 Sea Zone  (2667,241)  (2683,258)  (2661,258)  (2649,224)  (2671,224)  (2645,241)  (2689,241)  (2693,215)  (2639,268)  (2700,275)  (2678,275)  (2632,207)  (2654,207)  (2705,258)  (2676,198)  (2698,198)  (2656,285)  (2634,285)  (2707,292)  (2685,292)  (2630,190)  (2652,190)  (2663,302)  (2641,302)  (2707,309)  (2685,309)
111 Sea Zone  (621,165)  (637,182)  (605,148)  (627,148)  (643,165)  (615,188)  (645,199)  (586,131)  (608,131)  (630,131)  (623,205)  (645,216)  (623,222)
36 Sea Zone  (1880,666)  (1896,683)  (1874,683)  (1875,649)  (1897,649)  (1902,666)  (1852,693)  (1913,700)  (1891,700)  (1845,632)  (1867,632)  (1889,632)  (1911,632)  (1918,683)  (1919,649)  (1869,710)  (1847,710)  (1924,666)  (1933,622)  (1935,700)  (1940,683)  (1838,727)  (1941,639)  (1805,652)
Anhwe  (1814,405)  (1830,422)  (1808,422)  (1796,388)  (1818,388)  (1792,405)  (1836,405)  (1840,379)  (1786,432)  (1832,439)  (1810,439)  (1809,371)  (1831,362)  (1831,456)
88 Sea Zone  (274,635)  (290,652)  (268,652)  (256,618)  (278,618)  (252,635)  (296,635)  (300,609)  (246,662)  (307,669)  (285,669)  (312,652)  (234,618)  (230,645)  (263,679)  (318,626)  (322,605)  (329,669)  (334,643)  (212,628)  (212,611)  (208,647)  (340,622)  (344,605)  (190,630)  (190,613)
Smolensk  (1158,226)  (1174,243)  (1152,243)  (1140,209)  (1162,209)  (1181,260)  (1159,260)  (1143,192)  (1165,192)  (1181,277)
Kazakhstan  (1404,432)  (1420,449)  (1398,449)  (1386,415)  (1408,415)  (1382,432)  (1426,432)  (1430,406)  (1376,459)  (1437,466)  (1415,466)  (1366,398)  (1442,449)  (1364,415)  (1360,442)  (1448,389)  (1448,423)  (1452,406)  (1354,465)  (1454,483)  (1432,483)  (1459,466)  (1464,440)  (1342,425)  (1338,448)  (1470,379)  (1470,423)  (1471,500)  (1449,500)  (1474,399)  (1476,483)  (1323,465)  (1477,517)  (1455,517)
Tanganyika Territory  (1024,943)  (1040,960)  (1018,960)  (1002,943)  (1046,940)  (1062,957)
Hainan  (1855,658)  (1833,667)  (1831,649)  (1854,639)
Tsagaan Olom  (1673,219)  (1681,236)  (1659,236)  (1660,202)  (1682,202)